$ANSIBLE_VAULT;1.1;AES256
34656134383032613164353436393566343339663565336563396537653436363838373061633335
6339613764656662643161653430316638393137626133630a316133653035306636336538653530
66323830383238636233373039373937626136343838316430376332633065393064616534303536
3361396134613663390a356339376561633864646364653631633537663439363634633931656134
30356465303730343935643832383730346562396636613735323063613430383438396332363766
30346439623335616564633734356439316665303238613766373337643037313266613137333039
66333930343636373534623464333530363062393834323532626365393830343063303666346335
32653438623765646637396137613862356636663035386362373231306261663535623539663266
33353234316339366230353332333331313230356633623761633762363330333037313932666333
34366637626366663931653234353963656136323965313438396533386662343131356532656330
35303733353264396436343738636232363963653431636339353233373435313066363035363537
62343963336635373136653439343331616430643739363639363039333136343533303365633232
33363965643332373932333837626630316463343766633836353366663264613834346462626331
31336130373835633164623430333334363433646130303762633232663966663338336231643163
36336237373266656439613933396462323963653839303765313531353536626662333061633331
33353337616438363832666663663466393332323339383438646238323833383765333131393738
64386532323766393262363865663962373037626464386235313366393738613434363764653363
36386431613633376164313136653065356362333635333265363535316564373436376664386533
32376265323262643636353736393932633637613534613161393537333335346432363864363963
35656438653538313565616365363038633761323835363234643432626430323862373835353937
34356162336535363234636332383038656234373330363532383236343661623163626439376537
62373064316431653636346163396330666139363065626139376163656431636362386531313033
35653964383931356565383164633561383766666430353664653061336437373664346433353436
36343964623836383061363133323632343830386464336465646265326635626132316236376464
61396165323566633930373438323632643666343238333937306530316639653233366230343836
61643636363832393336616331383035643930316435313139613535336232623539373866656663
37333137393265626339363063396336353738393665333764376533383266363664633030323830
36383966653766396130383933396233316363333862343532346566373266373235393030646335
63333137636630376331333636646433346531303661373433663764313234656431313630616164
37336465356131343532383435623765613730396564383166656166353661393534313730303736
65343032323862326132653439333535376430653663303166666335373666643365396161353232
31643363316662656335623834613731323363383039306164336339326237373763306463323135
33366433626564353538346337343633393035323835623365353437343631383737303362666162
30656330383832626638376631376162633636373831613031623066396565623130373830613363
37323066323834633130336366373739316136623335373231336330353662343939316630633163
39626166633334396161616632656137636333373336333132353963643835336536363166373036
63613838376430663037336534636136326532376163313235653461626235663230336335373236
31326261623363353431666536366538383237346466376463613332353961663062383464663365
39323130373462353130353030313234646135373062633866303633393563633435316135633733
39653065326637336162636539336662386534636331656336666639306639626563663333313239
34306265383763326665343163376638393366646638616639396564366534633765373838346239
62356336316461396433616166396462323963643063346138666565653962356562303630313866
65643733653532646533653739316465343232343466326431663736393765306230313935353439
61386531356265613435363930383964393566383837333637666161623262613532306634613363
31663663323062376233653236613637653039373834656565373965326432663737306161323363
38333435366433333035313164653462393239323532633439653230636233633864336636396362
62623366353539323036626361613163346563643963333861633031303835356662393863626639
65323464383332373162353166346339623634323131663661396435373334616539393635363230
30346435393766393030313962323537353839636366663930633534356635643238393931373937
65626266383431343433353461323162636436626539646166376261626230303835646330313035
30623433383764396538613438303265376435366164623461313237626339613039316238323166
62383232613735356135346166383963643032363932396562326637306163313762616239343865
35323164313166333164373133626635386634336231663361336634313964333836616230386435
36393834656162393932363361383834353565313065343233333564313263306137346164316439
62393965326461646232323864343865616432613763386131373835393936636666326535396464
31363231303465653731363437326533363630623632343938323830393961333232336261633032
63613966653634316264303931613636653231643234396336666266663439643766643931343862
33663638316435313938616663346138346131653634306364643763313131393630313839616261
63346365616461343636386631316661383031623236333630313630613139316533316463656535
36333061663736323530383039636530336566393837356136326338313937633839363861383062
63333861646662336563613933613462336130333334333432336561666666613133373830643536
34336333656366633730363736626632643731656633353362326262313264303663636336653233
64386438613463376464643666373663356261396330353731366531353337346439356431613436
38363361306232386562613261356663343464396538326134316235326465613061303831363863
33656336613362343531383961353333313132363862666161633366356331613430333566656662
39343130313665636237376131346366336563316533613163613132326562643562313735306563
65313231623133643862383063626635363966363732363961616430393165303165646338346237
38353832346533643539336239396131386331623532323861333131363962623065626466303939
63356338656162346464353538626362653266643633316339366463353165663638646139613631
34656663316132373862386462653764333335336636656666633038363262363533643630316438
38643138653334613235333566363466656661316236346235626233323933343236393039376430
37303266363763346633373733323865643436323631396365376339646535393932623432333637
62666233663331623965376432643438656461326666353165376663353738343862336464616465
66356633653938626462383536386262373233613264663332616335633731633538396236656430
35636133363034653635323333386261336239373131333132353432306562323561633637343232
32313336343663373738613335663139353563306331616235356332636536616665393934646363
39303165346336343635633838333664313962616262356133366432653230653030646232633830
61393565333563613966616135383161346465393064346431643334623761363163333262313235
33653436636236636136373831613934393266633830376136663532613463396638376132653139
36306638343630646565323139646336393365313664376630393565373235393033623333376231
39323031613063386564666632343534336437376633643137633761323839353461653463633662
63376639643334396439646339663437306665613936656463336338333133323732653561386138
64626434646632336465373862353339643561346235653632316163353761613431386331643864
38323139613936643261303935366430323064316664653766396334346230623036663739653862
30333236633937393939626166623361313137656661316365303432393339393030343731386135
37623661333339313436376462356161666666323231613435336231336434623437346537343038
33343961636365366162333137323736343661613230323635366432303061356232646630323262
64383765306462396531
